n = 100000000
pi              = 3.1415926536 ## 635ms.
pi_atomic       = 3.1415926536 ## 9596ms.
pi_reduction    = 3.1415926536 ## 336ms.